We create a random tall 10 x 4 matrix A and perform QR decomposition on it.
A=
     0.299      0.684      0.414     0.0118 
     0.495      0.817      0.779      0.612 
     0.443      0.336      0.584      0.332 
     0.832      0.891      0.183       0.56 
     0.583      0.198      0.826      0.335 
    0.0252     0.0306      0.105      0.411 
     0.709      0.878      0.284     0.0769 
     0.266      0.727     0.0656      0.853 
     0.264      0.541     0.0564       0.44 
      0.15      0.131      0.765      0.122 
Q=
       0.2      0.409      0.249      -0.47 
     0.331      0.294      0.428     0.0891 
     0.297     -0.218      0.183      0.102 
     0.557    -0.0936     -0.467      0.114 
     0.391     -0.585      0.238      0.163 
    0.0169    0.00163     0.0819      0.438 
     0.475     0.0641     -0.249     -0.462 
     0.178      0.509    -0.0384       0.53 
     0.177      0.285    -0.0888      0.175 
     0.101    -0.0529      0.607    -0.0656 
R=
      1.49       1.74       1.17       1.03 
         0      0.821     -0.202      0.423 
         0          0       1.05       0.16 
         0          0          0      0.868 
We can see that R is upper triangular and we check that Q*R = A and that Q^T*Q = I.
QR-A=
         0          0          0  -1.21e-17 
         0          0          0   1.11e-16 
 -5.55e-17          0          0          0 
         0          0   2.78e-17          0 
         0          0          0   5.55e-17 
  3.47e-18          0   1.39e-17          0 
         0          0          0   1.39e-17 
         0          0   1.39e-17  -1.11e-16 
         0          0  -6.94e-18          0 
         0          0          0  -1.39e-17 
QtQ=
         1  -3.37e-17  -1.94e-17  -2.52e-16 
 -3.37e-17          1  -5.08e-17   1.31e-17 
 -1.94e-17  -5.08e-17          1  -1.45e-17 
 -2.52e-16   1.31e-17  -1.45e-17          1 
We create a random square matrix B of size 10 x 10 and a random vector b and solve the system Bx=b using the QR decomposition.
b=     0.299      0.495      0.443      0.832      0.583     0.0252      0.709      0.266      0.264       0.15 
x=         1  -4.19e-15  -1.65e-15   -1.3e-14   1.19e-14  -2.89e-15   2.13e-14     -1e-14  -1.84e-14   3.07e-15 
We check that Bx=b.
Bx-b=  1.67e-16   4.44e-16  -6.11e-16  -1.11e-16  -2.22e-16   1.54e-15   5.55e-16  -1.33e-15   5.55e-17   -2.5e-16 
The determinant of B is given as the determinant of R.0.0081148
We compute the inverse of B using the QR decomposition.
B^{-1}=
     -2.46      0.788      0.649      0.881      -1.05       2.46       1.79      -3.15       1.62      0.106 
      2.13     -0.103      -1.02     -0.379      0.854      -1.54     -0.439       1.98      -1.41     -0.788 
     0.532      0.535      0.109       0.35     0.0123     -0.684     -0.917      0.133     -0.972      0.789 
     -1.64     -0.689       1.28       1.45     -0.326      -4.83      -2.48        2.1       1.04       1.94 
    -0.643       1.07      0.226     0.0219      -1.92       4.47       1.52      -2.79      0.717      0.155 
      1.36     -0.703      0.107     -0.986       1.56     -0.383    0.00198       1.66      -1.51      -1.53 
     -0.15       2.28     -0.356      -1.67      -1.22          8       3.07      -4.22      0.937      -2.19 
    0.0708      -1.44     -0.615     -0.653       1.87      -3.55     -0.319       2.78      -0.26      0.425 
    -0.571       -1.9       1.72      0.913      0.377      -7.21      -2.47        2.9      0.927       1.89 
     0.885    -0.0103       -1.2      0.207      0.626       1.28     -0.096     -0.278     -0.383     -0.367 
We check that B*B^{-1} = I.
BB^{-1}=
         1   2.66e-16    3.7e-17  -1.76e-16  -3.74e-17   1.72e-15   5.05e-16  -6.99e-16  -7.33e-17  -1.66e-16 
  1.51e-17          1   4.42e-17  -4.02e-18  -2.79e-16   2.23e-17   4.27e-16  -3.51e-16   1.46e-16   2.05e-16 
  -5.1e-16  -2.03e-16          1  -1.51e-16  -3.84e-16   1.01e-15   1.45e-16  -8.62e-16   1.65e-16  -4.14e-16 
 -2.34e-16   3.65e-16  -2.21e-16          1  -7.59e-17   1.74e-15   1.01e-16   -9.9e-16  -3.91e-16  -2.51e-16 
 -4.41e-16    3.2e-16  -3.43e-16  -5.06e-16          1   1.04e-15  -3.59e-16  -6.81e-16  -3.84e-16  -2.94e-16 
  5.46e-16   9.62e-17   4.89e-17   4.92e-16  -4.02e-16          1      1e-15   2.97e-16   7.46e-16   1.02e-15 
  4.36e-16   1.39e-16  -2.95e-16  -9.91e-17   6.38e-17   1.39e-15          1  -1.61e-16  -1.55e-17   1.65e-16 
  -6.1e-16   1.59e-16  -1.56e-16  -2.09e-16  -1.45e-16   5.65e-16  -4.81e-16          1  -2.92e-16  -3.04e-16 
  1.42e-16   8.73e-17  -2.75e-16  -1.42e-16  -2.73e-16    6.7e-16   5.65e-16  -1.82e-16          1  -3.03e-16 
 -1.38e-16   2.41e-16  -2.35e-16  -7.22e-17   2.81e-16   2.12e-16  -4.16e-16  -6.08e-17  -1.11e-16          1 
The measured times out.times.data are plotted and fitted by a*N^3 in times.svg and the algorithmic complexity is seen to be O(N^3)
