We create a random symmetric matrix of size 10 A
A=
     0.299      0.495      0.443      0.832      0.583     0.0252      0.709      0.266      0.264       0.15 
     0.495      0.684      0.817      0.336      0.891      0.198     0.0306      0.878      0.727      0.541 
     0.443      0.817      0.131      0.414      0.779      0.584      0.183      0.826      0.105      0.284 
     0.832      0.336      0.414     0.0656     0.0564      0.765     0.0118      0.612      0.332       0.56 
     0.583      0.891      0.779     0.0564      0.335      0.411     0.0769      0.853       0.44      0.122 
    0.0252      0.198      0.584      0.765      0.411      0.732      0.139      0.767      0.832       0.31 
     0.709     0.0306      0.183     0.0118     0.0769      0.139      0.598      0.872      0.983      0.467 
     0.266      0.878      0.826      0.612      0.853      0.767      0.872      0.876      0.296      0.131 
     0.264      0.727      0.105      0.332       0.44      0.832      0.983      0.296      0.843      0.659 
      0.15      0.541      0.284       0.56      0.122       0.31      0.467      0.131      0.659      0.595 
We perform the Eigenvalue decomposition, obtain the matrices D and V and the eigenvalues in vector from w
w=     -1.43     -0.979     -0.615     -0.339      0.135      0.551      0.695      0.868        1.4       4.87 
D=
     -1.43          0          0          0          0          0          0          0          0          0 
         0     -0.979          0          0          0          0          0          0          0          0 
         0          0     -0.615          0          0          0          0          0          0          0 
         0          0          0     -0.339          0          0          0          0          0          0 
         0          0          0          0      0.135          0          0          0          0          0 
         0          0          0          0          0      0.551          0          0          0          0 
         0          0          0          0          0          0      0.695          0          0          0 
         0          0          0          0          0          0          0      0.868          0          0 
         0          0          0          0          0          0          0          0        1.4          0 
         0          0          0          0          0          0          0          0          0       4.87 
V=
     0.454      0.251    -0.0232    -0.0456      0.416      0.583     0.0531     -0.385    0.00749      0.254 
    -0.203      0.399      0.206      0.479    -0.0288     -0.253      0.477     -0.144      0.271      0.376 
    0.0579     -0.359      0.703     -0.394     -0.101     0.0596     0.0227     0.0326      0.328      0.309 
    -0.479     -0.382     -0.133      0.332       0.03      0.596     0.0455      0.267    -0.0196      0.258 
     -0.29     -0.102     -0.538     -0.483      0.281     -0.233      0.082      -0.14      0.352      0.316 
   0.00483      0.502     0.0664     -0.158      0.194    -0.0152     -0.282      0.704    -0.0707      0.318 
    -0.462      0.197      0.176     -0.139     -0.149   -0.00946       -0.4     -0.473     -0.468      0.268 
     0.372      -0.13      -0.27      0.297     -0.432    -0.0978      -0.49    -0.0628      0.253      0.424 
     0.237     -0.423     0.0387      0.172      0.398     -0.391      0.125     0.0559     -0.531       0.35 
     0.167      0.078     -0.215     -0.327     -0.575      0.142      0.516      0.115     -0.354      0.239 
We make sure that VtAV = D, VDVt = A VVt = 1
VtAV - D =
 -8.88e-16   2.61e-09   3.83e-10  -1.09e-11   5.19e-11   6.06e-14  -7.98e-16   9.99e-16   7.37e-17  -3.14e-08 
  2.61e-09  -2.22e-16  -1.27e-09   2.16e-11  -8.72e-11  -2.07e-13   7.74e-16  -5.93e-17   1.81e-16   8.48e-10 
  3.83e-10  -1.27e-09   2.22e-16   4.02e-11  -1.41e-10  -2.58e-13    2.3e-17   7.46e-17  -1.47e-09   2.09e-10 
 -1.09e-11   2.16e-11   4.02e-11   5.55e-17   1.08e-11   1.24e-14  -1.98e-16  -1.04e-16  -1.09e-11  -8.99e-12 
  5.19e-11  -8.72e-11  -1.41e-10   1.08e-11   2.22e-16  -1.39e-12  -1.54e-17  -1.94e-16   7.82e-11   5.25e-11 
  6.06e-14  -2.07e-13  -2.58e-13   1.24e-14  -1.39e-12   3.33e-16  -3.33e-17   5.68e-10  -6.47e-13   -8.6e-15 
 -8.17e-16   7.46e-16   1.94e-16  -1.69e-16  -4.26e-17  -3.46e-17  -1.11e-15   -1.3e-12   4.31e-15  -4.01e-15 
  9.43e-16   1.78e-17   4.03e-17  -1.17e-16  -1.74e-16   5.68e-10   -1.3e-12  -5.55e-16  -3.85e-14   3.44e-14 
   6.2e-17   1.43e-16  -1.47e-09  -1.09e-11   7.82e-11  -6.47e-13    4.3e-15  -3.84e-14          0  -1.26e-15 
 -3.14e-08   8.48e-10   2.09e-10  -8.99e-12   5.25e-11  -8.71e-15   -3.9e-15   3.44e-14   -1.2e-15   1.78e-15 
VDVt - A =
  6.76e-09   3.23e-09   5.34e-09    6.7e-10   2.34e-09   3.57e-09   3.28e-10   8.78e-09   7.15e-09   4.45e-09 
  3.23e-09  -4.31e-09  -8.98e-10  -7.07e-09  -5.66e-09  -1.72e-09  -6.71e-09    8.6e-10  -1.73e-10  -7.75e-11 
  5.34e-09  -8.98e-10   1.34e-09  -4.67e-09     -2e-09   8.24e-10  -4.64e-09   4.89e-09    2.4e-09   1.86e-09 
   6.7e-10  -7.07e-09  -4.67e-09  -8.61e-09  -7.17e-09  -4.45e-09  -7.79e-09  -2.81e-09  -3.22e-09   -1.8e-09 
  2.34e-09  -5.66e-09     -2e-09  -7.17e-09  -6.44e-09   -2.7e-09  -6.79e-09  -1.93e-10  -1.99e-10  -1.43e-10 
  3.57e-09  -1.72e-09   8.24e-10  -4.45e-09   -2.7e-09  -9.36e-11  -4.05e-09   3.01e-09   2.16e-09   1.14e-09 
  3.28e-10  -6.71e-09  -4.64e-09  -7.79e-09  -6.79e-09  -4.05e-09  -7.51e-09  -3.37e-09  -4.01e-09  -2.14e-09 
  8.78e-09    8.6e-10   4.89e-09  -2.81e-09  -1.93e-10   3.01e-09  -3.37e-09   1.04e-08   8.28e-09   5.22e-09 
  7.15e-09  -1.73e-10    2.4e-09  -3.22e-09  -1.99e-10   2.16e-09  -4.01e-09   8.28e-09   5.87e-09   4.14e-09 
  4.45e-09  -7.75e-11   1.86e-09   -1.8e-09  -1.43e-10   1.14e-09  -2.14e-09   5.22e-09   4.14e-09   2.63e-09 
VVt =
         1  -2.04e-16    1.1e-16  -6.71e-17  -2.18e-16   1.42e-16  -1.13e-16  -1.51e-16  -2.64e-17  -9.46e-17 
 -2.04e-16          1   -6.2e-18   9.82e-17    1.7e-16   6.56e-17    1.5e-16  -1.09e-16  -4.13e-17  -1.92e-16 
   1.1e-16   -6.2e-18          1  -1.04e-16  -1.79e-16   2.42e-16   2.73e-17   6.64e-17  -1.79e-16  -8.89e-17 
 -6.71e-17   9.82e-17  -1.04e-16          1  -4.89e-18   2.22e-16   2.41e-16  -9.75e-17  -3.85e-16   1.51e-16 
 -2.18e-16    1.7e-16  -1.79e-16  -4.89e-18          1   1.64e-16    1.1e-16  -1.79e-16   1.21e-16  -2.98e-16 
  1.42e-16   6.56e-17   2.42e-16   2.22e-16   1.64e-16          1   1.43e-16   1.92e-16   2.91e-16  -2.37e-16 
 -1.13e-16    1.5e-16   2.73e-17   2.41e-16    1.1e-16   1.43e-16          1  -6.04e-17  -4.51e-17   3.36e-16 
 -1.51e-16  -1.09e-16   6.64e-17  -9.75e-17  -1.79e-16   1.92e-16  -6.04e-17          1  -1.27e-16   4.84e-16 
 -2.64e-17  -4.13e-17  -1.79e-16  -3.85e-16   1.21e-16   2.91e-16  -4.51e-17  -1.27e-16          1  -2.19e-16 
 -9.46e-17  -1.92e-16  -8.89e-17   1.51e-16  -2.98e-16  -2.37e-16   3.36e-16   4.84e-16  -2.19e-16          1 
We can use our eigenvalue algorithm to solve the s-wave radial Schrödinger equation
We now sweep over dr and rmax for fixed rmax and dr, the ground state energy calculated by this can be found in the corresponding plots
EPS0 0.3 10 -0.489228
We now calculate several lowest eigen-functions for rmax = 50 and dr = 0.1. The result can be seen in wavefunctions.pdf 
We make sure the runtime scales as O(N^3), which can be seen in time.pdf
